97601 55
489029429 431336632 27377576 266731923 953529669 543169895 760862951 333268874 298257211 400543135 960852040 563682727 28478373 805945265 671772204 358100917 353843788 992307918 925907491 181007537 52280802 967959991 272346585 354265711 479034354 954807013 112343337 550240781 374173245 548283610 794673670 415352491 730696862 569178657 668280186 762924059 958703537 220035129 727046052 366895556 686150430 726109833 588798502 944071140 292791266 583769866 159202241 303546435 919448322 32464864 681887042 762718362 321739754 8465491 494157149
346
36375
2394
51782
54469
90000
35250
8735
49066
39621
14995
2374
41531
33440
88445
60731
831
27238
94563
20472
67433
11293
9704
56330
28283
67860
52615
65585
70679
92611
37955
264
22164
63168
44396
58600
94878
57463
81383
93969
89286
1647
65129
67978
43010
79417
66867
49759
63305
32596
2841
77188
89748
9492
52945
43144
96738
50749
37392
67732
78733
8871
44996
22230
80700
40047
52619
60835
86599
86569
85901
60399
32043
13027
39473
95707
53159
85088
60679
49067
37026
90023
52913
52840
11802
90117
66438
81000
28024
94507
4195
89773
11332
3517
10388
17059
30890
37981
24063
92931
54929
29284
88462
15662
56620
86505
58360
43569
23234
88611
56696
15639
14238
64527
32759
42971
61053
7466
35265
67977
88915
24147
85743
3867
42375
5851
50520
5962
46329
88597
17995
72215
42434
87653
18306
65646
69806
51626
51047
29715
31288
97403
303
35351
58298
45937
63352
36918
507
95604
94696
17047
64795
32013
28612
66404
19556
6170
90351
59269
30184
46620
39355
27719
61788
23270
86930
50218
42224
35911
90596
44558
57789
32939
42143
94722
57857
13024
34601
9449
64127
33516
63667
57686
80202
64337
39311
38773
3667
97532
96102
34346
43740
70411
91515
62230
65593
79356
26031
95282
55054
86846
93399
74623
11077
68151
26571
32746
8009
14415
74692
6114
2117
23611
13396
42192
25438
50948
85020
75455
17511
93575
42289
11451
31733
10444
56942
57556
91401
72753
91822
82782
5125
91339
58192
95985
87042
39022
76221
37122
20647
14427
74665
66851
18453
64102
87721
84139
872
9493
8807
48584
60434
56715
37327
23577
9425
16498
96132
83897
87508
5714
26462
45934
46185
11306
46825
44610
49620
95647
94407
41355
9757
83657
3870
11451
47211
26475
44727
39411
22963
39023
5746
65529
12088
33646
83621
69665
39009
62386
37226
38959
2145
42141
36577
59980
64575
6837
61037
80269
89208
63776
65569
70893
31632
52405
30864
10783
81334
39533
75720
39566
27442
31335
69681
2924
54811
71958
39008
10716
51813
59177
8319
68636
64972
61957
2893
93615
86797
10083
66577
84638
86994
2850
118
52209
91475
39455
93533
51162
77723
35635
96829
18600
34671
1867
82800
