238 199
286970961 659240922 729168000 575131337 928015133 633411016 806212872 783962557 334948389 595113285 427586616 228052566 225318016 238846593 199923218 234880346 611574924 794086622 485448384 526626129 244184599 730729302 273113194 91585418 62308339 60578726 466451304 523811749 334788274 945971442 747693125 405607947 663205141 192847981 582503627 26498584 917634348 72208742 798686259 729492439 513888893 487153273 727010807 576147539 651809672 962793467 767399989 504118767 232891361 489641974 711974800 973259013 282740251 147339306 22173848 246122375 814302878 946595120 343615793 971118925 411741219 693405935 631700695 348625688 892331487 558035644 675364118 59433 937001509 334857363 293713522 456825110 856896260 950624079 199325077 730015007 489765614 738184913 519056051 231399608 846902506 246361289 784750443 945212356 272667766 336824648 229041990 556413778 506539398 27555129 764057311 222769301 165028002 456002547 784306320 401761956 693921154 497760321 230726435 298101556 200207988 630054894 867132707 927557890 802170474 126198872 724611820 555531591 297312403 141807054 187806972 769722221 756423479 425265869 497303737 607116507 902403269 196795230 219972937 155529101 177123240 524046446 134038479 381836267 775328206 32698624 821761733 802078956 803871446 99424369 970361682 233485691 89574158 804505805 592912152 785650191 627576405 48978343 224580649 313691023 308072685 258587931 727205939 107689804 67686852 17641183 596623826 998074506 9921450 719317411 894467844 843051519 302505397 755371775 629653126 195025023 68671444 550178295 521438659 623250361 845616949 941140338 651198070 363095415 234508273 488733797 248787727 943679197 528568998 768327938 858137242 522009852 676938317 760797782 938759560 534873998 314628135 906828742 911546201 208673370 663440047 830352486 14212967 372839145 925898077 159065038 837976734 513646206 809139202 534069915 4346621 686628387 289351342 395764705 440762581 146995551 459801834 882742197 319805222
94
46
96
122
29
54
234
24
97
206
136
232
82
229
188
216
98
185
86
80
96
20
72
97
185
56
221
32
78
13
227
173
4
3
127
184
73
35
211
19
60
22
162
160
193
59
103
101
180
133
198
205
91
174
23
65
61
32
141
14
114
72
117
63
110
109
125
163
106
166
203
68
104
91
197
44
122
188
21
14
158
166
50
186
202
186
163
62
43
89
17
140
3
65
213
