736 58
465239517 267096651 811863379 618644229 425307288 635700179 962113895 614450801 686036287 239532078 957299281 730204112 480097220 482322393 908824386 751060156 124770851 319370496 823585430 873808756 442188511 425744796 725247187 946077359 268216709 624136999 336315624 946756134 743600135 631859573 778735856 708313567 538292958 572525854 247532949 691479209 423987675 455110889 664440634 651109759 509885119 20608543 504800594 323813494 768879176 708855940 309227986 311468463 411739431 663589012 804414987 460386885 943230859 145464174 110448692 320278211 99185706 611995164
97
261
435
407
423
25
481
714
480
237
318
163
660
104
271
72
321
725
657
192
594
396
519
330
74
74
677
260
526
346
736
620
110
666
639
28
120
375
454
123
92
574
625
637
595
303
419
104
300
25
51
724
514
275
334
310
532
38
638
270
718
13
630
170
9
563
265
695
538
552
127
250
384
361
40
250
148
133
14
126
585
342
165
644
255
695
684
448
519
440
24
577
122
369
458
38
425
515
