20
113717427 445239870 483130123
126996196 508524582 386018671
150700500 284064425 658271880
153924419 200072832 469259487
495509693 831327091 968889409
508532761 791259869 749075793
558858440 489787694 106601466
560330376 232519176 64666603
577000111 610351305 715935305
624938993 145189409 701303770
687109961 20175393 720091934
728941349 348043754 183512771
773773418 663181070 225896556
814557321 160712162 384562965
835539456 657232778 138433559
838086821 238715771 806043105
858089975 662427838 338688612
859971373 414989381 652653209
934168428 969157730 390531470
934249073 732098971 349016804
