1094
59433 326630859 294522774
1296621 265262783 182466303
1485367 80916186 753595481
2902555 39257063 42114629
3328110 455978431 32419244
4145023 436929101 461865339
4346621 115553632 937719594
5572313 942477731 463054729
8465491 610118994 477255641
9139249 463849797 570366417
9330730 264738497 539440691
9589873 305035162 505353750
9921450 640415128 579872082
10402598 126192200 749465159
10486627 829213850 693147906
12270137 656041768 581777369
12923797 2874481 370286941
14212967 420688760 582333632
14976979 260037282 108563344
16756888 723527341 716414775
17532599 268863038 341856784
17641183 241019539 560912126
18115824 519039862 180541231
20533056 26578417 66712446
20723867 42941949 597143455
22173848 8019045 871082611
23288090 686878123 341480648
23594012 995790909 307577148
26106099 438411910 968139784
26336096 744267160 689593185
26435478 405237223 665855093
26498584 757146404 820197798
26784200 869049021 663032642
27377576 640019909 335556118
27555129 761321027 167609246
28478373 576852389 952713031
29065104 489173754 699507431
31087567 377888659 821487607
31245897 644452552 361938033
31342783 963729201 336715356
31820137 702315122 461961825
32158913 826745973 392494542
32464864 400548409 911967946
32698624 383781794 216108546
34859347 717510768 23978335
35327543 667508183 523071317
35513570 490576154 852879219
35760571 309849634 992451068
37970127 91339785 979414625
38691023 938879765 543582030
40335164 250368414 127076738
42536844 120717918 154811077
42574357 87372222 27047871
46145566 228099658 425453536
47902090 345763486 964904852
48978343 196530503 159960546
49026668 656407821 576782036
49399975 432745876 131796245
50257940 394735599 214952251
52280802 800187798 723329692
56380210 779780504 325796104
57366996 565762563 691729369
59170991 728060751 286345665
59457721 523638472 131088417
60092853 155360936 827953624
60578726 586232 278743628
61040154 180434281 567279276
62308339 456771631 64508220
62659657 69187040 937366496
62851395 68240352 225335965
63211487 283825141 142062144
64364701 223610232 86205185
65582582 374045212 207485893
67254900 94755827 153629288
67337517 231282063 736014743
67686852 646638654 53149949
67868661 921633020 226883325
68671444 767055106 109365562
69881781 862100196 48242991
70119858 168815945 144067846
70442693 170881974 923806736
71027443 367367355 339883448
72208742 650378259 78999423
73093983 780878648 320780698
75010549 124190987 273872650
75207228 712232193 816343476
75603054 781563958 805882593
75642094 917469468 434245156
76095847 684469912 69920438
77775895 595500852 573354428
82127046 871812394 764090245
82631353 27655788 611854830
84793289 514735248 425856870
85386191 61547546 162549108
86470580 982326765 114549405
87081958 85964946 673602348
87369941 52988028 438917553
88108834 555271924 705771587
89090233 314486703 317964771
89574158 810789086 529791691
91269204 767781882 491596782
91518303 34653181 705495277
91585418 448941346 550280204
91601911 490364571 495048898
92746577 185705098 975535587
92913554 885619797 264572480
96094036 115116661 950008994
96210525 717910058 282766174
96886927 877611192 753742700
97587810 586174558 998698835
98813866 508033404 525795171
99063604 632231753 400987699
99424369 947344877 141398140
100351326 962588065 828533690
100818420 787363213 426290181
101423415 617485103 364903681
102671068 439940163 756345394
103669360 452924941 234213176
103683607 401054393 305893503
103942453 754788653 331591994
104413796 553662461 111656346
104429982 383548548 544350299
104656206 954620850 974848552
104682726 791646845 238135591
105059718 936627690 761337509
105739952 5532953 783834223
106747540 168205402 660648035
106960713 745346314 80446285
107329636 734574408 850939219
107389282 987313565 594117719
107408599 36583205 897268097
107689804 762846058 619180445
109965931 950484076 519110147
110915550 190058505 338949071
112343337 907154628 946168685
113715872 519173640 47746980
114277712 547745773 983997423
114894819 150663184 550088737
117880168 137104639 291575774
118623895 385468245 68531962
121854576 667301585 652346864
122209686 256986151 910600682
124000316 991391521 565415296
124235404 677392649 577614888
124375815 303693758 284496622
124659648 744903789 108849551
125966631 364676062 327693875
125971910 114090343 307869534
126036134 644473658 211147340
126198872 512116751 968656023
128603507 628776106 9560596
129554464 158700475 492549945
129836176 272328531 957027587
129987054 275862152 877733758
132976933 215833149 847198754
134038479 937974504 825757928
138362982 684892400 325212975
138955440 528165263 727884178
140719487 816842183 692377679
140970846 965252125 343419017
141178578 385592133 210937643
141575046 199198321 843483296
141630035 761172954 721047376
141807054 571948537 804203660
142257513 630689439 905135688
142609021 350329348 652431423
143279499 869294273 17451303
143303162 339884991 397220794
143307179 219120705 690204871
146995551 479830481 627752200
147339306 855124517 475531296
147372517 465013374 168879635
149328169 286053311 964314387
154435608 383698292 40548889
154926019 320258984 345178932
155529101 982442378 421714826
156626886 785704340 509152067
157782756 49406701 165495667
157854964 781197639 552726974
158576183 203746397 164005847
158708353 311292196 150795785
159065038 559285053 515213741
159202241 620310769 765462283
159427129 403720769 189983026
159804241 836637546 891717192
163589617 259952579 214618534
164678583 854258651 62179615
164956317 735032905 617550739
165028002 369936768 312876361
167915340 718587720 490767478
169256363 827718319 40850162
171169978 790160056 771074448
171632570 943389969 497196205
171655970 151941428 716367070
171659178 929801868 329967912
172046160 389648021 682757840
172221256 473865322 570687639
172300820 48570162 518217628
172377249 522279246 861214517
174075312 349284786 402023959
174970981 481432739 266038151
177123240 533558148 379910291
178292491 609720005 724837869
181007537 184893736 406161976
181489645 666975406 706374085
182643099 91349744 994277810
184525861 534916235 385959887
186951282 486113909 271191805
187538016 930707105 966762185
187660015 674025061 772524083
187806972 819442185 415042508
191520488 431029983 32670221
191748780 334455621 815496286
192640094 447419365 207901426
192847981 954143622 134977182
194509366 870631332 120527505
195025023 748692569 45488050
196795230 373868252 160522832
197957832 497511855 244535027
198891695 227047857 751120970
199325077 284133062 479740674
200207988 63762209 370993049
200930267 617974805 898711566
201382357 940626668 200722296
203004482 209273354 238181740
203847646 986281739 419676682
204619671 795891443 530369677
206929347 128978058 998170527
208330410 359138443 123230513
208673370 707883484 716416337
211585420 188304327 35534096
214314723 778456482 856930821
215139554 124445037 854824240
215302427 176618086 591625265
216377997 966224554 880463683
219972937 803399369 521618275
220035129 61071496 632071174
220725154 534032834 48866756
221829269 93826455 674005919
222769301 103563324 212582414
224580649 414944740 634579058
225217296 927144547 434622376
227132800 783238949 894366178
229041990 608281300 645616452
230726435 620848634 1198493
231399608 395048399 828854460
231422303 328975866 211204852
232419215 367587322 443547853
232891361 813213554 308315913
233485691 616362000 762419302
234508273 337770503 479679935
237469722 705790812 848115927
237722625 601053002 132924610
239077136 555474654 340655539
239298202 606306075 923122207
240858571 520727904 768393491
243829558 54943836 697563350
244184599 967615518 827851392
244554901 111753722 945964466
245096190 595545595 97839819
246122375 659747845 596933552
246361289 887835886 538440970
248109581 785585719 796290276
248787727 779078651 128554217
249359511 262027829 827365392
249781330 41400524 294248818
249907110 830120600 975224272
250037400 795898326 988430447
250265416 232862662 161436820
250633092 255562660 829602693
252611558 969749548 599452257
254662882 691941013 828989697
255273340 46089502 459967926
255343582 364810638 808620212
255597285 357633369 991234455
255994306 781126503 434482461
257719807 107087436 112844571
258587931 627701497 93367590
259221268 510659925 999521604
259357708 812450742 940008699
259369897 880492391 745599761
259739979 270007188 79270363
262692451 320176237 835630693
262948077 162065112 527171138
263461039 354621535 849989639
264208332 176665658 770473648
264714718 873897145 884055399
265642389 550727901 792584187
265949764 150736121 410536380
266731923 927150536 973340651
267812733 244128574 858848972
269104097 373337873 504216429
270519580 73929234 333858959
271861972 260529846 231884815
272346585 757750387 535190277
272667766 784975296 552574262
272757513 424378461 753536728
273113194 333761886 691486455
275027784 540895097 148645432
276202350 771619213 342974260
277759901 421369113 208296034
277779498 360753143 114682439
278552859 420834706 516515397
279847901 781438449 490555058
280144075 853094809 320238987
281447219 875313682 523770476
282740251 758127233 926165944
284584212 233713697 828290592
286363590 342434866 629510488
286911368 174330516 77763455
289351342 957327260 374376403
290262377 312288045 719868847
291105790 752615783 911427527
291254700 193053721 158902786
291684941 473280907 864231650
292304055 370983877 731341486
292526892 222582361 367201663
292791266 515461452 909789703
292940282 714000410 907404191
293141079 560682069 445019315
293713522 809483293 490024906
294822716 916552507 136900888
295089563 648623327 250942573
297312403 955037419 902631302
297791849 532164465 818754680
298066537 236334723 64164574
298101556 126746165 376100848
298257211 668827372 680369262
299646923 842598033 987561144
301885701 119717982 144341030
302505397 527842278 219444643
303546435 492815129 687800993
304426046 917098873 407658394
304942656 346103003 739430501
308072685 144760418 533196402
308219223 339840086 45585165
308291955 518170881 21626506
309665535 527423104 552419057
311144479 783646464 517225920
313691023 77685618 587195240
314385198 74284316 509903754
314628135 300769843 365180399
314761408 944005181 468025824
315762412 969138120 73655291
318087841 789000286 331418786
318424866 358649048 245787663
319805222 189514769 384382327
321739754 476871733 715117680
322153596 543648612 467230152
322555995 394112902 845709554
323007230 848008668 634502743
323839068 211805746 553616179
323939821 501565641 775661989
324088434 574353307 393147144
326896797 81138977 341054632
326920461 311651463 398586902
327042465 889961147 353211415
329434837 326603870 293543178
329623765 848752421 21143742
330042595 634651620 587297325
331019748 552969426 43889043
332056043 989688316 917122634
332932598 10397384 276833938
333268874 864645481 42093151
334788274 146412217 794832010
334857363 777326157 806700064
335816292 764494061 674646836
336824648 600408277 841560068
339538626 634428463 826554665
339826317 990310480 423831674
341700628 751667063 825620959
343615793 528669039 798643043
344204394 387550434 919732314
344717286 938270157 417993811
347981144 675788095 773436925
348327068 895480976 338644430
348625688 466891547 252847381
349092700 229603957 965106227
349299285 444315461 863064749
349701356 828097036 629982761
350792407 445637881 31225327
351887098 13068688 631529493
352174433 34419462 256729224
352512996 346635577 36793955
352594209 65492890 323583450
353843788 246496163 652438565
354265711 911949506 141278653
356687251 544239956 457218108
357711888 746814864 794941752
358100917 791190059 711956903
358592053 247402686 881558360
360238423 104879205 153611039
360381020 126837583 400564250
360887063 552893509 368780719
362363578 43712306 211368287
363095415 515081639 568342520
366895556 245507364 106042623
367875742 631324892 668474639
368714059 727074768 803809583
368943596 964172846 289481541
370138266 636600341 486033028
372839145 988134280 280429281
374173245 10805810 766348615
374219818 393251848 49804419
374502529 510914483 982911473
375208661 999481250 883378672
376032182 761036410 157393093
377818142 586026106 30007111
377842231 47218262 986952352
380647984 616426478 387228610
381420159 944379005 441980545
381574397 191808557 193172994
381836267 558433174 327777959
383011107 124405294 538768913
384514974 32922051 452029568
385764747 262396811 213558890
387132847 240962287 628813420
387783489 133454184 705274806
387949017 239757604 634764957
388897540 625261053 114348478
389941426 579620205 61202048
391338828 115397791 698913587
391426816 932281696 774315676
391821100 308748559 888320810
392023007 853611633 833675755
395059231 490381787 734974713
395246946 34742242 787871658
395764705 22494962 448108050
396736538 750070308 157563927
398200163 441968798 411314372
399344719 50242299 487350180
400161110 525552206 422111979
400543135 261647126 426446931
400737583 841936372 633198242
401378803 632046313 414206296
401761956 248444296 946575652
401842062 808785421 73328793
401897467 526251895 997577185
401926471 253225070 848583227
402387651 798972610 57476997
403970216 666256689 5292610
404144777 901735391 195015563
404522856 686789159 175303022
405607947 245733750 120499944
406137667 143826527 748212654
406224604 835667671 207591494
406984415 999735877 244202586
407009243 910903794 372167302
407330484 720224847 909477951
407943458 526584361 543884255
408381798 940903741 645990634
408804914 199016533 675878843
409522074 249519507 808807471
409911465 138186938 786131721
410641930 138894696 242460402
411037024 376158808 955749986
411353594 506223443 806789207
411741219 271334492 897705221
413645534 73114413 711736728
415352491 78119097 581986701
416954999 692004164 907703242
417543228 269736790 29421313
417830181 772438121 835412851
420664477 483424847 354305693
421517521 375801960 330210012
421632303 309560363 634734338
424711953 273141017 940267416
425265869 989122605 45916576
426551192 284867276 233543299
426848344 483408412 394440
427815528 136680915 46939353
428450183 944738922 293918171
428596018 564583071 639934781
428958696 47262209 496173444
429131679 152275141 580904005
429139574 575312932 685436939
429283797 340086961 436469044
429295019 486115670 109274988
430712573 672920957 722639131
430849105 350166205 90503717
431336632 781194008 860943231
432467513 322325978 198978237
432952072 26062623 37569514
433569158 286461606 445737348
434053277 461833525 578687146
434120832 214243202 558329629
434247970 700213454 485124093
434903676 528960045 495804492
435266573 916165895 858810849
435877251 370588863 118377421
436068554 510376098 857869427
436726601 354979612 484890316
437271875 71089415 83744146
439218490 285220784 875755611
440557946 14887485 864292988
440762581 14504860 731838917
441707768 978883989 71507269
445138441 519425684 435712451
445449173 444269733 253371266
445903445 275000095 164386540
446255974 726971033 705599889
448272579 884460119 212084522
451550809 485759690 813328125
452952097 249937754 567274053
454951235 215433062 23266840
455301164 333535584 721221493
455362083 998016380 654093768
456002547 849573985 505003627
456825110 131707301 259859705
456885346 767879220 258011918
457355983 516872717 268755283
457742452 599202957 819415580
458385066 98492296 912890120
458427000 756932217 934350997
459383671 246183333 603513893
459801834 449507908 398674728
460415898 735958684 489865181
462141101 5701623 725586629
463598905 565231162 640148170
463625535 12192473 983168490
464015434 590616530 460430992
464158709 548920216 102138009
464507539 893609676 596134892
464913251 89433013 520702526
465229500 65260049 447679420
465401558 54841879 838365294
466171004 971550277 430001080
466451304 699250272 696318239
466820681 922347063 746622586
470099475 688169002 135841328
472729602 163237997 99698228
473161615 32435815 923446501
474610336 713197 178823189
474632145 977183028 663650944
476611104 30045437 913967394
477371963 298849517 827937996
479034354 199123244 646180598
479312354 199606027 302208639
480117042 961977316 874654120
480368792 742501181 405089428
480516506 136072803 994313390
481189701 116934503 845519721
482199659 427336532 878403735
482423234 284165338 527615333
485139837 816096612 659649314
485448384 604460214 631867551
486506246 686617924 237823265
487153273 784344840 615519015
487653163 559073524 47515196
488402074 207066923 53103687
488733797 427261863 463059588
489029429 442437939 413703664
489517221 831614072 722227895
489641974 535140151 453415568
489765614 151351942 889574159
489777202 261588764 139190858
490066033 924623790 915567852
490184502 720604864 44352358
490604904 663204129 35192859
490763105 948950951 5097599
490939946 46070176 262161618
491922818 421944863 383116543
492051865 752538017 364100045
492314030 993039192 260416775
492326254 980631599 202649668
492422249 270182172 596340622
493766491 563260338 862188242
494157149 169526517 992067308
495002314 380346006 824060096
497303737 844884528 41926675
497760321 129146816 554945251
504118767 810568895 467363475
504119967 66610455 716879141
505325346 950284980 154681688
505355461 107377060 90417112
506539398 107644496 965993664
508083949 341340234 657097530
508116825 814953461 125051466
509670868 564735528 396316973
510338156 18318558 175215024
511613503 756205544 821702786
512869030 660413525 747559677
513646206 126507979 265874674
513888893 593176923 117649566
515131800 382590303 132601985
518500933 317773719 607571548
519056051 285920252 114936112
519375858 997819336 451222321
521438659 866959048 531249568
522009852 285513998 782192966
523811749 175619915 603513036
523915757 889215651 967092673
524046446 941499318 234916790
524426311 830765217 826643242
525606633 841165738 591416231
526461354 948993034 912347558
526626129 557261177 770788438
527012477 70946701 35374906
527233801 615730742 268223881
528568998 507250444 333069885
530383185 492216607 10914524
532544052 470573741 553442064
534069915 520797574 892350952
534377661 217750586 446626471
534483882 961549696 905892538
534873998 454823768 248308115
538012481 224072017 405531475
539436572 384139606 330577294
539780264 403029457 887766096
539792310 175754633 315874317
540551084 688411245 340777466
541094594 473921874 380001647
543169895 768834202 642304331
545069517 282179305 3983339
545880021 60529150 433922212
546901879 560560250 907395199
547401305 37752829 125485148
547626427 355893791 166258943
548283610 973058581 442898627
549024577 221259034 219198247
550178295 876564503 905871255
550240781 329824444 274088186
550909944 593329684 561683849
551645315 914622503 949855698
551961789 717879254 653266283
552453851 263365187 221675516
555455787 118672413 386411786
555531591 215925205 856337410
555781763 677350499 188767055
556359122 80418065 867636374
556413778 389998033 612074753
557094998 884498224 995380755
557962236 647813134 592466875
558035644 295735626 124083011
558294615 137461366 233301524
559163332 395664160 10048693
560489227 626198533 797680967
560891089 817586428 964386395
561573839 2216882 210454208
562838129 747267254 994120725
563048530 213579424 307444009
563277033 442847152 258367886
563682727 176436523 179037413
567187038 354807861 49045397
567944924 959681189 185431651
569178657 685466159 911456255
569659997 617467810 517063984
570006721 301570585 181436659
571068711 275702342 117771289
572804409 254251363 426151143
574362600 782283984 345420192
574954662 481450456 486617895
575716207 353960235 458051725
575820401 432875987 348964948
576147539 850147354 26358343
576516684 73959832 457980450
576898965 116141848 416969562
578605654 421249251 334198710
578825815 844985577 101063194
578873794 237531159 563954237
578986929 533164493 529975918
581303201 734145682 42968006
582107072 351009130 886629628
582458776 110000858 634548218
582503627 194858718 878774107
583769866 426303247 164161179
583907197 178552066 86380934
584750002 297050387 645563388
584810645 258224599 693217035
587213187 543681572 896130306
588798502 236790459 8503524
588967895 375699769 255521076
590021749 762035151 41950245
591716730 758502580 818112363
592789529 826387964 289621664
592912152 26389380 956450936
595591503 390285570 820270450
596314613 680738278 865569221
596623826 171147694 99068093
597461548 247574033 115213601
598470178 692278226 710889479
598945323 288524124 9728099
599217837 357374547 592249787
600954401 859267906 205862196
602989015 846818260 468723085
604283779 339893195 290422838
605659489 887775398 190414316
607116507 952798839 661621456
611185397 111659319 35132200
611574924 5706981 412610180
614012428 680732624 550152920
617629684 64784584 755277548
618208098 806414787 552557540
619699622 964426595 379111357
620132020 167480032 15998764
621613181 127702553 165813036
621708547 457416583 689960345
622427617 639503066 335748162
622676199 958537024 388019422
622885050 380986293 949535907
622933166 111216531 516799838
622981901 36261952 492940357
623250361 19430817 222815098
623722962 88987609 749031987
623931970 634136221 846611486
626425475 822306365 543576655
627576405 467648428 293505971
628602901 904522062 397340348
629653126 857586051 952550244
630054894 390008755 210986884
630930306 991552839 177753256
631700695 264969856 32084628
632154343 321213784 715069019
633179881 529988875 242860052
634564414 417045751 90421155
634610299 163512740 667663340
635585543 522130676 277176468
635741776 662434830 752299322
635902570 631522818 728742824
636492971 794040422 903892764
640176814 755877274 608456572
641349146 748752653 275487227
642029673 418274522 511961565
644666253 646085011 830896615
648666555 283218398 667741135
651018402 639088367 704544755
651198070 791331879 567731876
651809672 145544021 429051502
652029055 779304326 503997609
653472085 773379576 758413436
653896548 299758373 815453504
654099444 993635344 300297141
656859862 856044887 191341821
658060670 713679240 321455709
659776456 971134794 183794588
659844089 454251245 430024989
663205141 836883755 463687517
663440047 213664893 454945795
664088127 912018011 344400452
664459541 394573624 593014087
664842466 911307802 79590598
667522197 758997827 411652646
667537665 265877583 906743285
668115515 697432062 918568696
668280186 888039280 828502207
669257560 996406820 679612887
671473253 772000073 584031260
671655552 930784817 981302387
671772204 347211039 393284728
675274558 876335198 77953722
675364118 724435153 823204890
676938317 978662922 763762713
677665895 722832831 286013032
679745157 296714759 824894910
680123992 861522932 395780075
680331290 396772883 620709310
680678178 65037 235449443
680749842 407907972 944025822
681596628 694936295 847222990
681887042 601779237 105143115
682965360 722509233 154876629
684599208 717493859 837328365
685865212 619992706 901961061
686150430 307859694 700178193
686321710 834703128 710363591
686628387 20897668 903007778
687220704 154112627 63375726
689719941 428661772 944041685
691144082 323527993 870785007
693175769 331279369 499159379
693405935 811606581 674047567
693921154 368208400 971717364
694922114 953767326 873998916
696427133 648163630 803934451
696942555 923751556 933175355
697355621 667215212 602499013
697751770 701153154 13826853
700411407 320633983 898235691
701605625 369677676 298554169
705192778 494897692 273426867
705469613 589322410 587283158
707785352 735297496 676711634
708712406 875341221 315268660
709869527 830710075 490269580
710395417 105882076 656906157
711358867 694945005 242876427
711974800 860147601 623863953
712820762 414184171 16898804
714766020 44216469 828165210
714960780 33902964 349883970
716491642 876625407 592220703
716822855 967449879 539565356
716953406 867115034 601228076
719317411 10066527 30454467
720892527 54768687 635412609
721333639 109940371 600488291
721454669 673408685 234519583
721508484 841034249 938753982
721598592 539504887 733891199
721605834 65382531 756700425
722179753 182342300 668907137
724611820 951116579 994411850
725515697 159320667 252290549
726109833 964339306 885049380
727010807 830280672 891364822
727046052 60109613 652557836
727205939 609555444 523733206
727365409 552399859 14298072
729492439 742547 500075452
730015007 561958552 650968763
730268500 127362441 672887639
730434519 408661171 285926390
730518824 262604618 878429314
730696862 279804509 224024979
730729302 492001667 365721451
730893093 479475905 481473153
731603799 813259103 163259251
731639639 101680380 269102711
732012693 218636307 841876525
732419650 941294060 915482324
733667746 608072461 798797157
733980880 40302206 62775109
735442755 199519211 310476069
735611928 828113919 939354833
736025736 112459543 190752103
736975634 298853281 596638205
738184913 125153861 105847226
740633036 149393232 108753129
740908724 384011985 547392067
741724506 753166276 519154875
741841492 4998090 917833732
745130022 670549058 336827502
746540485 456183425 467842898
746922136 38205669 550194423
747407169 713176213 284866755
747693125 416793381 323949599
747821608 431309408 947208523
747842314 596655826 925375386
748395090 92121255 989052258
748550105 382724419 906589227
749738599 67311654 543097150
751163003 678302608 338728132
751213463 298625335 706656516
755074034 496694433 643795574
755371775 181798115 66033665
756423479 693990675 461903177
758678816 654485066 366581145
760120587 162382222 976130916
760797782 215769017 418361794
760862951 864858711 201177239
761360392 362753872 542747518
762718362 629328614 749180161
762924059 325615234 911229266
764057311 611267176 869265275
765499381 549842483 188200664
766401342 261889706 10498535
766573495 247288742 216859805
767399989 390675360 166828539
767917335 61708619 744879761
767948562 846018095 404973513
768327938 596242510 836610155
769061324 511104499 549774532
769722221 424808413 526723040
772686257 804985798 651749661
773660534 642436885 654645861
774604505 36771271 155045979
774629681 127686095 228365995
775328206 854210354 747636604
775439186 448329303 511760627
777547832 975745100 956466890
777569079 839216988 120336267
779101021 789994903 240215121
779904281 744905197 345124167
780479273 285540687 579697648
780657835 983912940 305779876
781357993 156160295 477412841
784306320 278504351 691627898
784592925 208368286 998715579
784750443 814104299 100130714
785331916 493787241 194634669
785650191 536893896 830383628
791620716 615908772 430987350
792664756 707170736 545325198
792840589 999039870 660992487
793154465 925126252 120274867
794086622 690866016 553141269
794444311 385577564 142966784
794673670 264760094 810932386
796971961 953161515 985562517
798686259 338252407 125780146
800365086 685701380 87030848
801638775 969566162 382526930
801909453 461705523 516192152
802078956 990090774 88472408
802170474 38378410 488112155
803871446 684875803 162668733
804005265 826918779 225059223
804505805 105115032 56368425
805945265 539131766 373081979
806127635 280151105 242819307
806403355 844163477 487656245
807598290 191050543 487728232
809139202 803183364 929013732
812584885 665777463 849781757
814302878 852086475 736909987
815273321 165774574 557192206
820942172 322821728 630864611
821406531 473356396 934262535
821703038 859850950 653019269
821761733 593178312 497888381
823520795 589319262 374829676
827404779 244674313 982629253
827505438 508230137 208514445
827950566 243907531 361464592
830039989 724910930 443600082
830092146 286630879 457930712
830352486 22933712 561378304
830491566 963208138 426563317
831126999 109861845 47720726
831810048 606263852 640830079
832385904 313723061 156595754
833012362 135088701 644443116
834735010 220129330 824394916
835555388 150050882 241593623
836117816 354975075 895442272
836651009 400619400 899072350
837976734 54817812 850516582
838518422 376225199 351051567
839107332 355697251 112564876
839762073 504651894 122634697
840991575 343947729 89690288
841435599 423227011 874452610
843051519 363226879 721847456
845616949 907477290 126723348
846694300 393504840 35152043
846902506 410989950 151300708
847045692 930352913 428259265
849158160 26595571 926280626
850274210 745958624 341933606
854198931 892312868 273039803
855041460 19078971 110802777
855118835 709245313 715059885
856896260 163600114 332701597
858137242 884303638 876952529
858774291 988980213 120679011
859399827 107624833 651955250
860965011 258445340 4144671
861884121 931057145 953052850
866154597 739231445 761157223
866534174 315965885 168408906
867132707 467457229 121066011
870186247 136458736 523812630
873009937 854114939 599588203
873680797 801750261 59493557
875063597 727469064 771146909
875662040 260415945 871774203
878356574 547630023 861095026
881291985 666944349 811827946
882313592 271091034 28262313
882742197 105022859 880207389
883052509 696892364 771890355
883216481 949574706 767548352
887795744 738293384 886568026
887845297 825874464 913115595
889763589 45758507 801906699
890778625 764365077 319250407
891095517 589739024 550130712
892331487 57695955 292740095
892837159 690629427 491796266
894467844 425440931 45259289
894766039 612487479 589933711
895305512 179782841 756605415
898039039 293859027 328589487
901072458 882512601 990971680
901420189 237108266 244194543
902403269 752186888 662536520
904924765 164907965 73286349
905008550 948197350 953304827
906490388 815907680 461519392
906828742 851174863 752968801
907695903 831878918 868236369
909754945 590920633 73375626
910694541 571580284 343159934
910898303 660104139 537760170
911546201 387735133 837915908
911647940 39867611 307612374
914670952 81443417 830956403
915509779 15302443 306204244
916911217 367331238 382174301
917634348 933992256 275750903
919419551 884196027 337941740
919448322 220653006 628188239
919933943 930005062 621277734
920330874 456182047 997981148
920972676 700631947 734011524
922105286 69923644 252163580
922967894 593398992 288567461
924009785 47857868 144774762
925632666 269724068 139331560
925771090 980630794 408504732
925898077 347948529 63145384
925907491 327541400 977544814
926663480 846285306 618209905
927557890 599134411 804809034
931113645 174430144 199855745
931244909 87597045 40241350
933606204 429978338 9929956
935317788 551027896 830283811
935339220 714973969 996167286
936072808 237651016 485150222
937001509 430441160 576750133
938759560 249447941 715456085
941140338 824842737 99265476
941812206 564698695 762875491
942099783 566629376 905079650
943145283 535296322 593762407
943274279 255038523 748052585
943679197 996387706 481681291
944071140 291312707 682163111
945007549 540574549 45622872
945212356 277088974 731578612
945620932 210855136 126213999
945971442 571574603 111563340
946595120 29075025 409797589
946739872 755043462 813292367
946929158 90385527 950822694
947084758 450818718 527160000
947801881 745270648 158955325
947963706 555254852 202703035
950209864 838799428 884752627
950624079 694163989 334522366
951294740 181383033 16080638
951662388 505954416 666292853
952366887 401646686 491117374
952693364 706736058 691916165
953529669 444293131 201950451
954807013 769831 64831972
954864986 736995162 961312890
955408662 15870902 660096480
956331174 317711590 694469847
957041498 861928703 534164924
957265192 325657222 172077777
957563994 658957641 397494113
957831032 382133065 783414263
958703537 811467473 165294822
960852040 870055238 654009596
961369496 406307526 129542956
961413274 620182639 198767216
961741204 645247634 140590169
962696797 80828364 6660871
962793467 503767291 244955829
962889961 84016106 9969099
963221693 778802375 915508771
963443926 398666326 571329875
964287118 104861253 263191346
965035754 823120878 382772732
966477299 126155639 691810379
967959991 739468195 766973622
970361682 873192130 515713361
970645378 760190265 530284030
970710278 113142870 635749876
971118925 823785535 624798496
971680884 308327875 889846686
972994606 765190800 135686097
973190448 588685704 153390518
973259013 562634787 941478971
973406555 583420456 573080839
974670842 951461970 816894870
974823994 794174351 106091945
975863505 926993656 582808428
977689948 832608246 319677577
978172350 298489426 638209225
978390501 856086695 243758475
981390595 851779708 586359000
982248996 839119054 134391306
984328137 708637982 391147578
985793724 611717205 911003918
987339363 623025671 838469083
987609274 780450348 332466825
990109645 832020831 178589690
990363603 490860667 820260953
990802365 861372638 593442577
991392337 39397110 481554008
992307918 798360573 444280230
993175664 158269653 864814394
993386669 930173503 162656857
993965114 812057226 849906892
994513564 995884585 174024537
995228847 89970288 881434647
995586102 14643420 741816848
996667249 554183607 327452797
997819058 515848578 813855295
998074506 236073712 837248219
999458991 984784426 81186344
