905596751 378
58508366 816946786 164496399 612491597 705213110 692311103 561625694 919513987 909392477 471388227 114088022 748980847 890686705 895443360 698917776 696309667 230778848 66947411 791246382 521779054 796000559 639425640 115965819 310982959 286095083 652926574 685975964 970660152 408638935 648916419 821675509 20327477 575571192 554881848 920193604 307553647 119213279 576538274 787854599 780864051 498903374 129541421 557691795 37077440 304991595 288904362 188758457 203800294 931106176 400876876 291679725 256611246 616874465 203718971 363584501 203648797 480407430 504199827 728128312 847604864 401738523 827086766 611811369 775571660 536014181 952733757 657868894 262175626 776024089 410603834 712867084 208548478 818302284 349679027 157093165 243060584 100965173 42557019 363890494 996846758 517358728 830812825 240950441 330570162 830243514 694103577 772617319 2703761 980947893 818721998 782715056 569498401 115046414 138793622 714032753 415289102 442445347 116863636 278759242 582512117 646340417 301897921 324474222 734680229 570002636 995697085 618451010 45008831 568081279 358511426 11474561 503213939 374455560 778120965 848752395 195158584 372476367 225906077 546942075 160323287 372193363 201945482 213930074 294821802 214483650 804081860 44515684 674259040 287777241 452434655 452050308 683508895 292236931 503090538 372938740 508886914 547220004 917069342 71546013 487803860 96734742 996611515 199458149 666264597 281178541 91723639 556835292 72996103 574631334 819278571 428808876 483619208 630779113 756470208 463412015 759761389 170613747 134810119 354363800 228380753 386185354 649976527 747027796 586835969 400788980 352819144 889677277 47431732 96376611 347922472 745534871 427674944 166939144 812203853 591176218 791867403 543510017 237735131 727858405 244463045 602851414 674184050 582185627 699839524 549255987 602479516 836098975 120228354 288428936 306789674 172810291 34041069 13538602 817755492 141601305 865976462 692643189 988358515 774224466 94398618 676013739 973038755 73681108 986151572 829575261 554300926 835251493 257783691 282005228 629834968 284067921 446594907 738967244 748779318 729857388 532242311 709023084 38633619 379160647 692162597 558128079 763845706 323730450 694781765 640799151 982122530 829360528 357676381 750219419 244852261 464399061 547909729 563422829 866348104 829378046 737440203 250023912 456076754 237617562 179927784 520750629 181547736 530575008 468959461 25203666 963524382 624860124 456437174 448546441 618882996 503029143 982284442 39422830 357682822 280507350 115787862 12800656 221747756 213541513 329141662 494761292 927143958 509776991 589564028 149607123 306050795 630065787 73794864 120418415 323398300 378779347 705964877 797896655 611871434 982539643 354987432 638709668 720675870 295669256 734676328 231462929 246054865 423360035 426397950 434649674 315022753 946022302 690908892 698445897 448834527 751556869 186994794 104060640 332043038 996790070 545199413 856841703 117444297 764866499 265436642 389538482 179854208 729669025 838195484 870446451 995044740 891661779 727316259 865194980 851772158 343622720 176333034 198656186 472433822 583874342 110606413 272973107 992429546 842871418 736785599 47964039 108453004 456778945 792389765 836002532 325798189 86499678 988228567 737638241 68342803 248102286 334308962 136788146 915414562 330590994 110927499 20762137 294015271 676481508 187608063 357458189 958343142 515249748 105054198 919174524 960874675 350516013 534678058 718386725 126380188 108050862 919248993 462115922 119234272 276843922 693486123 291757356 263300356 127961602 482236291 416948168 615275457 185303839 987494008 733591366 305494325 555536260 416284170 492134513 214314328 938456823 368960921 198966702 135089424 750766393 588500069 198815188 600470375
571
674889612
669341814
41954455
247338987
36928823
464238349
444572960
44484139
43225295
158365058
332283211
808774850
525213242
616181025
744075189
301481430
814619425
824794830
431409046
317158329
811326224
181178926
781258864
208428713
679113973
202248369
152073793
814499387
308425883
567422057
573245793
701759902
873952757
433054918
180639935
453497937
714468417
730242174
336140934
375578132
602835251
710394328
402732298
386259314
191890630
51912407
573419824
245796186
16517331
103687523
413476000
865027560
735905088
205169946
283888612
797626304
779713941
603009645
529421321
891437631
308998542
463166914
165610494
70460224
161509380
517003067
683131226
439815876
38981528
495127479
877695844
109634502
404413361
29619703
428352901
141161340
614229516
333168293
367322135
115995331
322375134
823909030
220084023
771828676
625625528
825291453
674235644
652945264
253439367
592080100
745991730
169499708
780926240
595092950
479238956
549162220
510952158
32046668
219202450
319456908
660900039
254682008
314055532
632541826
715164865
700450279
554106545
309762888
434311380
349880285
701199250
210835213
192593216
552549338
253920946
158886489
516772290
664089215
757815637
499623049
117199658
670349786
75935931
813167813
689630320
406498662
475594218
222190853
874295443
537712418
408472098
213090885
745484075
212193301
365165336
326249527
637237929
710051039
258793645
95353273
249295848
392356199
515127720
513976360
601263414
816599423
349521555
274514396
850566547
708813619
840404294
779671014
20898464
204454530
701576762
613600452
532621105
350557092
29674278
310613284
386170046
738773255
671919281
856618205
441638489
222129794
777563820
163980787
101991241
391237659
130678887
591537932
446766465
713500710
777439906
387421889
245287343
721892445
5609695
192697097
196974720
451056654
107442438
293367092
259963494
72411644
346361697
886680276
84544718
368863046
435773784
555835692
179987136
619219920
624238654
405742789
107703367
686821173
833389426
478910073
90949151
557839366
410683346
188718171
2479907
789498229
492751942
733429653
503487805
240691996
884464283
311628773
39280504
833256568
709316300
2362469
526938819
429873670
342867764
475929714
867750400
70594423
432661351
282705701
75031377
769444527
760624707
14198079
370464115
359077025
159053535
535077762
99745380
796439849
193670418
336149822
119228601
111773787
891035153
886112461
411695563
10547007
427282140
114350862
796757111
134970370
565800071
178486888
536859690
159282092
747965663
853387507
630673282
870784616
202390044
181964868
135043759
120814880
435767400
614696395
530515633
751304630
88266854
600264474
575164024
29731765
822581000
749688249
766855906
153083624
770151607
611580150
222493512
863740933
75465482
369002789
460563713
513030875
2423374
779797202
103527375
504855321
542166890
272243583
541269672
212179099
131917792
458685585
377535835
239925432
741112635
243460552
785625540
432110774
151165289
333166627
127626970
848196668
255261972
103657668
3191458
620138226
642778195
573537136
238673366
462989097
463298942
224593669
868258688
459053099
446442491
821520583
784586770
764620593
473094120
425812169
843200775
797508849
47524477
604664838
806097203
559260795
771524071
288935163
52850274
546011347
58676703
501479164
123969433
256761195
512731548
481278783
320684346
895264956
268978574
69513844
44333797
95946433
879760376
643519312
494129199
547390320
50384490
721023096
126690658
46649708
853056422
279433115
519646221
754995853
633474451
369798372
21843561
327120468
39813374
880228809
459867593
854766205
542075072
799927936
170630544
673907664
398981500
3878496
22609783
143179961
163899285
26837356
493801275
301388431
65905528
314992195
601904365
628353024
47481390
4734886
27807632
657415288
171895369
619673326
46146507
199321777
492359243
591245315
749239014
328634511
734554102
657256847
410788174
301096412
130367768
467549280
76659491
656599775
132378174
389258932
66457468
2208427
202636131
160436799
242258995
749442569
192617484
814024187
34050573
625793469
770580407
649650770
173894582
293943240
488970171
524581434
129266010
392472081
413162283
426777610
654955741
392225618
757328102
483019533
840579466
525163190
420939947
181829216
469750101
439840352
308290601
637457420
882888853
581157575
325437907
784844883
636060816
275555243
825340981
186751808
152189154
511571691
432254232
27525459
762272770
561155925
574862504
738549746
578202730
470077191
426067070
674135968
355864428
791356562
459716143
587086483
898233938
784125257
547363553
124431782
198382349
539313665
215072402
774395224
86869923
808631084
705244906
449824973
723151471
653053483
827880377
363522572
421613676
119011140
644358282
151518913
654396619
867309123
821862108
685693682
623949272
393643900
414937522
56785328
731710065
104942863
257807027
622260090
375327787
612277676
76913333
600181788
876420468
732005435
76234693
320830638
581605474
504264551
600661574
233946781
847241079
546356756
84252661
73208016
314066069
247266702
689622062
663762738
213463267
56011542
576790413
805145603
178091639
502782240
722312045
14710887
570410436
702548509
199674404
143680915
95518516
569857605
282743081
334710981
247087770
657869552
783480177
218243976
573309754
470214973
364606691
463610985
809705759
844310082
818218473
299694751
530400289
39552528
828165503
154555438
92447692
271022223
474978546
744092684
462648223
407812193
125851930
399755171
144297149
868389860
59707412
97964293
904715375
46059115
570966871
813115451
240959817
682340263
319574094
759033968
663458297
720640174
377147987
748887595
607327492
245050467
354683783
632428207
469854824
300657971
677513117
303654511
785234445
97778937
609020966
