52298 155
773660534 400737583 680123992 239298202 330042595 86470580 576898965 91601911 294822716 237722625 9330730 107389282 26784200 284584212 154926019 71027443 551645315 70442693 239077136 919419551 396736538 174075312 59170991 600954401 978390501 830491566 950209864 490066033 963443926 164678583 356687251 214314723 765499381 464913251 458427000 567187038 323939821 375208661 75603054 839107332 452952097 806403355 416954999 995586102 172221256 31087567 376032182 961741204 102671068 421517521 935339220 943145283 716822855 741724506 206929347 985793724 815273321 622427617 391426816 489517221 538012481 689719941 404144777 272757513 391821100 591716730 280144075 141630035 532544052 215302427 732012693 551961789 297791849 104682726 563048530 914670952 126036134 424711953 171632570 250265416 50257940 628602901 801909453 4145023 653896548 191748780 621708547 658060670 182643099 87369941 736975634 946929158 772686257 653472085 352594209 545069517 861884121 322555995 898039039 590021749 445903445 999458991 446255974 559163332 286911368 775439186 942099783 35327543 399344719 457355983 1485367 100818420 265949764 341700628 617629684 922105286 691144082 492314030 391338828 477371963 716953406 360887063 614012428 945620932 831810048 966477299 434120832 404522856 961369496 69881781 850274210 736025736 725515697 248109581 262948077 578605654 232419215 830039989 178292491 801638775 990802365 774629681 315762412 518500933 486506246 208330410 530383185 220725154 835555388 574954662 906490388 470099475 149328169 458385066 323007230
859
44081
4131
42782
38015
5357
51014
8179
40903
15910
12921
3942
1913
22210
21282
5629
45906
29717
22593
12895
14858
31193
48915
6147
40389
51038
31954
48772
141
20491
48717
12666
35241
13096
11740
25281
1295
2092
391
33456
48502
21354
36251
19738
36879
42329
31174
37082
28097
49911
23827
18406
31390
46941
34208
40269
19510
18693
34948
32513
23895
15092
4449
45730
12195
5880
4256
11111
16842
9573
31972
21078
19227
38975
37981
27557
35462
25505
7568
29
8789
22248
3370
3324
13825
10892
18219
48763
4616
11266
31496
44890
37361
41991
8223
8324
17894
31678
38035
6049
34691
38068
44688
33339
29005
42464
1348
25072
2998
47847
4188
2581
27046
15318
39491
37397
1688
21867
23885
9046
43136
5607
34968
42746
28551
24745
30795
46143
46885
38350
30076
21429
22061
19535
36764
26968
18682
46497
50882
38559
45621
270
8193
36304
35779
48089
1782
37156
46296
9258
44185
25288
26679
7339
6678
18775
32503
49010
12517
48288
32994
14792
36282
17763
5557
31391
24944
50374
30626
7730
13265
13437
10513
45686
33359
25726
39786
47015
18781
9703
37075
27858
30719
17064
42341
16555
10673
23372
41651
22650
13933
18689
15599
47852
51158
38270
2407
38050
9924
15163
27242
30214
19664
40750
12662
41609
35802
18019
35001
40316
50403
38487
45950
7401
52165
45288
18979
23081
2366
25439
17013
23450
25988
29698
9006
32487
4450
26055
23678
45332
48778
32830
39913
20995
16291
21793
46474
42406
36467
18210
24233
11059
13840
3106
30100
45815
10194
48039
38766
6283
49000
17493
34479
9172
37917
6062
8603
47062
39132
2975
26012
51278
4570
5045
20211
45159
38150
29628
30240
19242
16024
17905
51711
39610
30022
16452
49420
34377
29276
27056
29532
25364
2677
47130
5444
29008
32135
43244
38264
37947
12763
2017
50415
40433
38766
11343
12448
47234
33703
2245
17769
17420
38047
5216
30574
24873
39572
42886
13152
15595
48758
7894
51933
17273
8605
42565
26825
7342
45159
11891
18185
3601
12690
36908
38234
20671
51123
16257
26346
37584
20524
17572
20498
38062
41552
42634
36926
11384
16679
50930
50970
8492
46629
15211
36658
9404
23053
18070
10842
25107
34777
27310
39428
44643
31593
46517
25921
11512
6174
32577
41041
5832
25710
24004
44669
16858
7051
16553
50473
25239
25690
38169
3784
3619
14650
45980
47204
38430
17469
9231
50734
49117
23227
26480
19196
52289
41304
10317
24430
27975
3953
15180
43348
15908
41341
30912
26934
48205
507
42115
7132
37862
37237
29244
30902
48235
36612
25750
18877
45701
32916
43617
22741
11184
21642
40334
21706
637
1677
16884
3190
12007
44419
26509
36375
38537
12051
5109
6178
26930
2130
49078
25088
11958
30750
35414
46962
31007
48129
527
19155
24886
48682
37068
28544
2300
30025
45998
9343
27200
6060
1604
12781
11737
6501
49876
11678
30455
28232
5621
45409
15039
41577
23885
1693
1096
36534
21527
2448
25598
52196
12745
41009
30785
12101
39394
25633
12334
38916
32452
43921
33452
11969
49608
7006
40703
48694
44368
35080
25649
45829
9694
12154
52080
6731
6766
18322
24657
13216
3562
3805
49363
33706
50465
13139
37624
23547
18305
15078
13304
48178
13875
23546
6658
46016
27500
2302
7417
28022
16565
23678
32776
17056
38050
15700
1270
13953
22495
10436
34106
25764
44624
18051
24859
17290
50689
3463
13893
726
707
47679
25300
21639
13395
35409
43080
23660
12174
10494
16246
48611
41381
6416
37401
25176
29186
4798
36868
11991
21895
35847
278
27531
594
28768
26737
43525
4356
3179
2672
47322
50496
34059
44925
33519
7951
1580
35
47596
49248
1464
14557
9699
9723
46855
36165
6628
5696
20815
13841
39750
50997
29442
33443
38203
27231
10086
20811
21550
40506
26065
7372
12742
50591
52190
45036
35099
32303
46221
2244
20552
36654
48368
47764
13160
27435
8258
18526
41152
6291
50888
39481
3245
46286
5230
5244
16626
39694
27507
893
36833
50576
49974
32167
6162
28892
18635
15478
13927
48601
42227
13907
8554
43311
45858
51520
40464
40971
46223
27143
50687
3456
29991
24707
23975
22921
25367
10606
46835
22154
10914
18711
19631
8561
33531
23084
37448
13745
2949
27304
51157
1839
17335
47395
10777
42695
16065
28900
51503
44549
34966
50332
12828
5781
10518
32992
3917
52194
18996
51666
43082
31553
14405
6696
19272
30501
39823
108
36398
10403
21570
50004
8594
17282
46744
33387
30075
14689
13429
49570
12384
38103
23450
17241
21085
41408
3603
5657
49325
20518
41157
11570
25969
35758
17097
5358
9491
20764
8697
14469
12578
26482
11534
18300
37117
36945
40251
1286
19010
33157
8337
12059
33719
14054
17407
41853
48756
49975
41246
16556
51659
43241
46408
5439
278
33157
3156
39278
46975
8158
6220
22280
31149
46688
18557
5418
1767
947
4335
30887
40052
22778
44057
41771
18997
48296
12906
15646
25815
20313
7965
25432
32266
30760
38676
51455
36817
36470
48747
20373
31469
13795
31128
49403
38544
7089
37958
37669
14601
48397
41696
34762
47301
22126
40762
10407
44422
19219
44387
36969
12951
33970
43254
48532
37602
45336
16912
42684
35285
47668
35207
14453
41963
19326
4
19868
33849
29311
35192
34947
30198
14995
40656
1018
7507
20879
15759
16136
39531
49275
17935
46455
31570
44994
32498
34151
15618
18006
24105
28705
35815
42636
40462
5158
33849
41896
20174
2154
1652
42698
