37715 27
836651009 493766491 993386669 47902090 767917335 858774291 527012477 82631353 504119967 557094998 947801881 329434837 524426311 620132020 445138441 186951282 693175769 510338156 37970127 841435599 462141101 597461548 547626427 171655970 575716207 154435608 731639639
278
24495
10470
20337
4860
12284
14810
5545
36072
6030
7058
4881
34094
21835
20510
3480
17233
34342
33267
3130
17297
30187
27313
33082
15050
3525
34097
16079
26025
17848
26387
21883
12361
27014
28543
1021
23990
27585
9053
28927
6055
369
30037
11628
36176
8783
17279
18987
22290
35970
32350
21038
17245
3677
35901
23447
21715
32550
30956
5946
34278
37430
30758
3206
6013
3563
23720
23897
15028
35803
2366
35330
15993
16873
9757
27446
32022
27994
1257
11579
36169
4518
13403
16741
13454
14776
616
20059
6987
31883
15134
20226
35049
25657
3757
22976
35653
3715
32793
3471
17129
2111
12322
3264
8778
8946
23175
31663
1248
19702
589
19351
16173
24509
2568
20540
9503
1225
8342
21881
9550
29082
4943
14190
454
18520
4356
37023
23327
9228
36745
14118
37352
1723
15428
11695
6146
31361
24092
30438
18492
24139
37316
13884
2463
11796
29540
30242
10878
2657
9106
25782
24987
14360
9281
23909
25113
34958
19511
32207
15995
18771
20921
16136
10827
31023
26649
27843
15647
16865
13599
36543
31253
13697
34886
14994
1736
27860
8774
16938
13145
35350
30737
9702
37168
14399
36545
26293
34131
33834
11185
4566
37414
9110
9407
8610
3995
18462
35866
33624
8804
13507
26015
14530
2201
34575
27559
4293
33255
23804
10276
5010
14297
14115
14117
12235
28241
25651
8969
30004
6482
19006
16946
11173
11484
33415
31651
13271
8967
27849
18948
20946
35550
7601
23912
20688
32710
19599
35461
13155
28316
929
26385
5614
36507
4973
37505
26700
17041
26743
2673
23073
11043
25342
5747
16879
15746
26253
4952
14269
22785
3773
14438
36217
33770
2732
36501
728
20626
36945
10366
5600
22337
9758
33822
8129
15341
21872
20822
