871506490 206
509129452 946003565 898511225 707129087 450657043 153438539 219035141 323251598 274508060 158715266 981194119 112813380 711045480 645406723 173207297 204949038 497350187 994558368 659915060 628915364 542390387 272654002 842982758 598341646 6756468 760338670 301790545 502944244 616962075 971901305 578639201 612873472 111755264 605184988 188136871 225834652 808483279 93816258 574221540 823679580 687159732 565125309 876981023 457952927 626879128 839236343 337100620 431051681 561835726 631076884 140007021 122150515 292140700 703440913 176484107 44142602 181525327 913688 472901451 952486763 277667899 676008649 972394194 13914649 231350089 568192753 810307641 875062465 490128784 76175393 794456352 853609874 201045135 867771039 718188340 775217441 728925378 527683305 819495512 192651191 830364820 854067631 757117197 708480733 276176760 780039006 994802374 49514632 898313078 420388493 571011056 700845881 939701773 893036041 758312529 174535002 962656243 496355168 10175659 765853042 998336875 4388701 441745248 610509287 777055218 247793600 411255877 715093622 931920146 911800307 520837593 24013774 303387213 25797446 589962112 35570193 972290156 6404760 732773890 229290133 863605402 480627541 236667632 707036974 381478613 674732518 50009247 256756553 328739881 799481862 85697911 73005519 305665059 617534886 617696918 191142107 282154551 202232358 671509082 701501046 412875925 620023301 557928531 480220434 714160491 281607536 535035803 157931640 779403892 494923864 27949741 660564765 726602760 123142633 348314872 230863386 944210014 192308731 153983081 247290015 32903176 125192675 65445737 451948706 560692051 344362560 231121500 653896233 808718387 970439536 59620591 642354238 252145613 194364570 891465159 119598736 49006823 702801208 845692819 880278702 120006824 345893451 904905593 548082983 841858880 844586178 234887271 18136565 431614638 747965134 491778652 546460145 422814318 779979624 226593474 936701075 242835165 531047110 741629036 918991673 162733232 13633234 302780798 676544456 67673458 234192042
656
315302519
40596617
776486006
749835508
240991695
434252419
405518239
476850875
521450086
726806807
280562955
544654805
386905251
86729284
634544557
855758526
241080670
260360349
496034305
299735667
617318498
32676825
148277302
596049886
329606459
577233208
592933424
197644464
430849447
777335871
768793355
49931191
248379873
842152214
505435734
171898498
153297390
337940651
313962322
480226616
586040339
515224599
107454976
682801455
537992758
581789363
479550259
200403274
725348499
139484037
282914508
716183758
333924157
106154860
350883967
569568296
711352328
830411242
180122290
46779779
26830595
391297857
592980533
814819955
258542899
782671111
558234558
479193158
790308544
306020414
511818055
54675983
292390855
15353383
13012945
611722184
591253669
645920135
551403117
189536916
839813568
366386925
255836524
2160287
423712757
387293919
369496831
509157902
428559720
394796826
845089819
791125080
6140358
192104106
556760294
438187118
2927802
767854265
862336363
325228282
253704228
739732360
89138494
598356387
709495274
762078076
235252116
510168007
589492512
173092443
848372377
549045575
115418714
525907525
55202000
574198223
559749766
517460799
310628422
365492900
331089594
813351018
618158616
142062498
74027640
417152186
579132137
646423251
194908094
427320435
212353960
68865115
263432766
783170312
797571616
463937399
837616707
136531960
836139296
588346030
157951479
477403397
58256761
86839763
42366707
648270241
460534825
743895320
456686835
449899225
713171200
418686035
246656122
103404885
613275971
233365471
784570855
404962283
426494471
18823059
214266714
267406879
331708004
699008950
128020054
132218217
709436431
710124942
72784641
395564485
180272064
169002507
285493781
501794611
641473545
783752290
229229759
311146758
415423210
100471797
535810773
55247154
514363676
460649962
591135899
719587092
640858863
455900870
803950785
760216173
210293356
658445134
560374920
474168137
571747026
589507885
212164173
642257484
561771678
787459542
726784908
109664497
766388027
794317991
530359485
72651259
314428107
201448534
240453553
341581209
433527441
430194068
245409094
301225168
606765680
712370406
126445051
406499866
290626700
140482445
296470552
630809364
760709858
187599621
116854340
126562386
812805912
325930236
434784598
787557865
658395090
393592004
90244400
457844652
341784490
135109748
758921227
114720626
383929995
581798247
816521547
684048865
613111813
98924556
268992237
149714228
34835144
356954180
174385013
466494019
238990795
167029377
741636806
208599066
70023694
839383746
738097115
435325509
645751245
153495389
843931053
541454741
477551894
315877967
368686401
59598229
2966005
337500296
657619866
263896652
611218353
248316484
298798857
47732577
265485851
443633894
382918117
832329742
264022549
595968925
567979177
437976723
418354326
276455702
442110555
667039696
550000052
384565087
362578924
230142276
22869167
714171307
156594606
162824138
673357575
460073045
734684944
716431645
578478520
437237233
213868227
829707420
189147087
546734268
53141063
297442666
14240223
810702215
456472848
639002101
708642106
246591418
657990203
35028852
406519095
440356854
798059144
368127158
690061423
501070280
863281923
530598395
221377861
634401240
313845683
185428024
386023596
434501370
206353082
290947221
752425570
205788716
496146326
227487102
35750538
532660172
87256062
275789252
446860324
799446621
586273544
854630903
224911116
6824853
639889705
829626531
459078243
335328088
229824323
325475834
185018089
728507487
868438511
193249676
666399512
634142503
688591470
425174418
402625967
495860446
730639683
85026939
245845013
332819146
21047743
198963248
661063514
283820007
377973278
390781655
240560109
496782362
298993719
250278335
104573034
67498231
617907551
544056917
169384501
188622716
76956767
657539982
784524583
83808256
506693384
659828052
690817692
464087152
652252478
427454222
539783459
163392893
698352214
851752761
794789689
35530478
324125624
570706286
862414378
345689103
80535836
201074771
859173713
707192627
711496672
777770022
700521815
491556096
32941782
540455554
388942512
519463192
659824636
565183229
262378350
596424484
354788466
308860092
436779649
49030511
381428205
626027766
653746082
366699742
827116916
217084356
264769317
322063216
629545239
391056339
526595912
464537503
350799151
379546179
185425973
39295679
670639780
642863677
719708135
193323758
195269037
384335860
220873156
757874915
427563836
511517976
420565603
354657080
546025427
553696931
425997420
676415156
396778897
318493331
747026937
235275053
637506127
554607159
701485301
94314320
281437753
636659263
18218993
427627642
481779293
590911305
133213803
239885580
844151728
447987976
549708623
416647482
592446734
222062969
653627832
811985934
620821087
81266911
493362257
336851777
675835052
658562501
9595677
450699967
672623619
340753821
387926406
669938668
802241653
504972288
157050932
748569528
458614207
527679412
321270893
455942178
38854950
248688472
28291708
132735268
601898064
218497767
472175573
405242322
812774524
140789432
763345561
470505920
429918684
528711219
642837446
66669270
44909180
838042116
84849003
422290787
721534778
512268551
742527197
707984337
313128190
499911682
564292048
293335955
913370
319422568
302471064
555460614
645695643
404553267
526053696
525815667
59912022
60072975
328533752
544997016
42762171
624914056
77616248
710057129
183754379
800761375
680920264
158481298
395122043
444430425
851771001
525025766
344495933
710753340
569661915
715647639
453487964
18724725
722280704
497237219
719987961
239073242
317785003
457196111
20723246
660741160
491181286
626038338
392803862
688907802
462370595
7806899
681167038
831172735
684065201
844191200
690838392
422004068
328610933
391439442
637376945
579048999
417090265
488923954
346039463
358521341
122068058
693247324
655242884
842868718
840318340
453619196
67681640
827490899
134792875
819262023
523867144
625183897
689799463
251522673
611607759
736604003
399822330
734475330
319575132
393699563
710952285
415628314
369628610
765315742
292684623
375768131
358134884
438277949
145941399
630543942
763361771
523665825
611271349
190527979
467013331
857817069
356282406
344630095
491485611
421236499
188015581
617622517
741468331
587464918
498973918
347160695
845860558
211814079
678612150
538376544
639810844
28824239
156116820
572663084
183947465
715315003
336389603
103146361
323261198
81830234
815871100
467565932
512289992
658233728
468109827
238513412
507056695
143864235
272466954
76179484
548363554
346955079
562929468
116371309
