634834338 9
1 3 1 1 3 6 5 6 7
945
290979363
72849992
481759421
60335811
573962154
132652158
25046343
297158232
385791431
372219753
323416062
330536328
572540566
78918281
571912952
323260211
55829431
583837074
576195326
487892611
47671513
290474968
168914177
109591027
470399926
141389682
542218750
378182702
15511227
480814329
436062512
336669085
173239803
172007946
179170189
546277053
608593414
622900665
402342596
265783152
326576788
483724420
426765447
306953995
68092006
397423261
347135017
298452947
558910196
286667387
464212160
497748391
90560886
66465485
615631001
119215459
442433963
609311596
551958664
430787065
201472426
583102747
270059619
563679814
585602490
351743556
439766210
421245034
158548844
410346010
31676798
35402458
308706392
275802443
481485264
302277046
593049439
92793905
610378568
29568239
23461906
3398399
174774412
255411029
242733363
173611183
135099779
397560415
574792162
549373397
27951117
369963501
311575650
477919427
103121126
60278075
438065020
83367644
264211315
116810016
547801858
498373118
177249783
78433044
88401323
405047699
76624075
300814881
354166379
521461977
402342024
156611194
551095495
394277488
608231705
513858959
23583271
178815921
222046590
7276350
368961376
594900635
297750981
603928359
165538743
270354317
220384863
591844064
210582878
227184978
253334432
428202888
2655560
289281475
604930133
83656766
110839295
295265751
146132165
603914170
182725457
374455900
633237132
435510855
147783677
257607857
570891607
125844704
578424249
408049836
394977917
82722008
155534350
6699129
531787312
140302806
204962673
172245257
119358275
32696931
123621101
607637503
344709323
120957773
78514193
284100762
230280128
324411930
305367817
232643299
17572229
305320300
277979708
222799140
67375463
375969491
353317279
28645338
591086419
423032146
585849405
109440786
57587290
430375592
462144690
597420204
5669016
170347384
27966830
545408242
193081109
546846967
577046148
66045395
76809068
473926320
6485399
394833192
137241464
312482057
193615226
126942878
441080971
23421467
275073453
366768613
503518366
368371694
252740905
10665843
110542024
459973563
223832108
258679615
633023938
344533225
328626905
148543399
499354658
564407658
362384437
195670647
264893566
140657923
118502171
21389752
476712679
161906701
60280770
445108894
184784312
501532881
485828549
602595176
405637715
183658151
341307710
553931077
445160757
469696503
378487918
286034335
335998406
505608957
543635670
200198094
127561214
214303806
122529725
286683326
309125011
303297197
229600302
395342725
53060399
274435098
604495523
612379131
552334805
453075258
389354173
262189819
51969148
548803260
509175142
190675355
549929940
263853383
413806207
156966295
629350548
564815327
70095410
103251086
558218910
601307374
466785462
473575728
602005186
42250484
629361124
580523338
332772920
449365045
582665944
535956301
622116903
401666009
9217902
598823794
199036113
182284578
391522106
451141090
210179107
326846387
437937438
161917618
415909302
11265870
552110140
233255980
394813802
359710238
400818717
20302978
423608406
400325527
156346389
625835988
489260800
504466950
445938091
168193699
590032920
594243215
435038558
349155471
9532048
333383635
433979176
448591760
190617594
585619543
149349986
243814301
320982102
108839501
179401808
561251017
610321550
532531438
41850073
206984046
626236555
127168069
397758804
70564817
72502086
364928045
346103250
611889155
224551668
311895266
366796282
189911170
215966399
631472349
616916924
604392818
362064767
225818755
471104344
429197049
44022443
307935452
244387430
278907863
134118159
361831679
499453441
607486177
579510183
125467110
6999024
144573204
111219026
496586508
269982342
557740103
366516355
351148694
434499774
436430574
103363986
152243997
498424403
341173752
80224178
160143414
230082778
386465099
203853251
318275228
461085265
66753810
129756446
553589085
287324900
363550132
440661658
80183245
368760846
95311190
540621591
83853431
58020566
255017953
344128102
58981605
325408104
108445822
150039482
37578950
248721320
161879538
325104164
325152155
619342488
566521172
491273325
371461471
420576407
622841690
435346179
331925587
249886451
139009630
240976395
295733388
305287142
374252203
284375545
31813818
427220053
104397169
429628744
549596611
161062415
596961515
599381567
567011055
234034378
75043251
81756465
59793526
582968407
481231637
84482232
23434695
100867139
285506177
617520417
227955738
182026535
73868518
476706590
221801065
584635019
80452674
434636834
2763114
507438149
112272604
80710674
349208420
399725469
39662372
514097940
581182802
574063351
541218631
18841542
586804926
514593570
511698902
591045351
608743730
534604466
212833605
366753808
195160064
327864177
30172860
393289141
504403610
219059658
162796362
441691014
48857566
307679595
501979201
578824246
48917084
228773290
358506780
558610605
205074916
553970936
204136163
254782868
183833936
225294494
418792159
414185156
489341016
168109054
192378307
96516508
92887707
272336488
42096923
412139937
536539356
133237163
26827567
6619971
553522541
323433481
384500089
476970723
66176984
508583661
603386434
395841605
498701724
321120861
454775408
30415248
487719075
84142666
74375560
273198393
542194912
633881796
351440000
105970217
135135357
589835085
223014911
10720426
444195235
327411583
461277444
134633634
43221315
440064320
462979898
356109950
114718518
264996076
522276176
110196548
436006398
86361971
132511478
93726779
4440581
163303886
6646066
610339181
380886583
175460898
255181822
461206919
511315748
343808908
353522687
423833251
416532331
593231124
90457398
102260346
627652648
382053893
544596580
70727964
388538952
213118385
425472817
162505650
390906000
89594204
260765052
607335946
558979389
221644550
119059794
546840636
395628385
321036005
296186820
576542929
108437905
566604595
116016358
587623098
494544566
218301865
542570197
558165480
54124230
537834725
329855668
280661761
92784929
141333996
3426941
396401196
183473948
81528573
516845296
73146307
499731165
591971371
126224013
151410469
594815851
516142977
49524411
213295423
620410157
507689307
299476204
523936097
244975152
459761454
268856765
369627139
257058452
406046606
441392674
384009901
97903738
123976547
480727329
626492284
127930693
19794900
599989389
472688783
45030560
296666901
566421402
106628754
516253722
111292068
343674558
50171491
460895834
107242113
359183196
410880696
580907552
255481778
340794190
374489647
262227196
179329619
433106664
41924184
216827710
157439164
413235991
603212420
121460331
117161755
114152422
186296026
298521518
265727759
305529310
418185557
191920087
280827233
94200695
191965786
28067998
348568219
18061645
380719568
194383269
330607569
483867162
519865195
137562971
339926405
544981438
25211322
107886103
129321910
116144369
242318114
82091849
413387875
208135164
610412319
498197755
250684326
238210945
191833776
68330512
44301994
450901321
587911926
554865547
271775826
289939994
409131568
477326162
421644902
1141437
460738334
104117267
301994993
557709375
341521111
576332703
583363649
550648536
420278302
384398780
67494049
21370115
283599955
365968165
430888082
389882691
45361300
584235874
293387391
522867046
517185708
161335381
170895918
568078889
450338502
491618683
166981874
205854476
369276560
550470871
171818496
59531662
516629355
216083775
35279764
355583506
180999852
542471627
52755
551521329
181992146
97498095
536227104
334969579
381060999
82285954
252694110
281771152
114172075
268828700
136946864
406706379
393238846
478156617
15534760
601889732
551374619
355932097
281011856
280620076
159886038
103062417
208733033
576114716
574912925
510650430
26615300
292542674
552132972
371108303
545673387
476156430
58369482
117972433
594879020
19468942
123152580
227278003
97662096
426336368
119114618
348326210
1974258
495749912
381863169
586756819
264123205
349640739
102544659
96112077
621860139
608903240
362353268
411594110
249614957
529667881
381336242
504418604
579256439
122359902
211389212
619675451
504878255
419077707
261761314
440614896
283046020
421294897
165066070
158426396
246252077
132240993
341702101
209430370
255080065
176086936
172397376
417426426
416088769
184709330
612880802
338862700
398642927
597126624
164926969
513101854
305437611
437005578
144390163
390576398
420431915
253888223
487027997
532364849
529674152
322036407
295050766
296666298
102348200
254390783
253799983
31397948
478032331
131858581
364193590
169786955
371609101
131357613
463975202
540295358
197452211
383599980
158016326
477910889
587309692
98663491
165194424
57980761
233305441
503692538
507064030
463230349
281147804
265553001
20952959
54965735
311353075
200095324
44542085
292788998
237833035
497791969
309161121
461290626
261991595
404761836
73028425
509150456
563964601
362759914
506859779
591615958
155531955
295012616
82266059
105439532
518311304
287651512
145596415
571024435
126060041
133656
228927005
584706213
474246332
386215350
222370385
32820964
350627797
332068747
189030633
489611676
312051769
385379141
456855029
409775825
482523322
160901880
231050155
606835456
16439876
401864858
270006210
510561386
268706034
294938569
306516534
630692047
5211954
106453727
23913871
422538824
222944165
183715444
177723287
530445569
198953879
125595477
227921700
337846165
521801086
434653980
407446348
128554440
564813949
391689629
594277861
528876043
603396277
477756244
296813841
451505927
301559243
