17
35672266 930270940 192726208
54318573 392448449 19887626
74267491 17854147 183595457
132950694 918911843 852226419
150294417 247757703 497626697
400817894 12577900 240437298
437209737 821317682 939065568
441733870 386523498 370818542
451052492 783821398 996519701
486987745 805305561 653106544
611067272 184285964 756359203
748858443 364432073 640653872
775301303 559458793 34186785
836499662 525649175 841431605
866852134 58344969 176839005
910541901 363982498 536899145
928715052 214744635 667307359
