441
2698429 504878062 369634985
3157425 905492568 21136347
10422667 925586602 562679816
12506263 614451175 595701372
12536736 390429289 866889459
13894518 852491158 544742935
16476440 950564380 712620903
18277530 234757002 204160802
19504612 43934113 177695249
19796432 302867706 459718983
24493617 271479681 225044999
25124324 769870763 318785391
27693055 963563910 115330412
28794466 282864667 719847082
29838729 766562869 834267002
30259738 222989247 808665813
30871823 791089891 857143371
31753396 233173521 828279812
31979935 100357368 682910219
32309901 809865379 423432154
34510130 796352539 424647681
41234311 388120564 205502756
43331202 31760110 874153409
47625062 220821314 315733901
48039853 835015553 685756976
51429859 243992145 574166377
54229762 96571201 344832512
55263278 326615362 660676147
58121725 49980109 386766112
62612680 894413998 853488362
65047337 573370251 129390995
65175681 490031779 772811067
65464920 515964125 244424369
66257035 136460355 187228263
66669649 824645233 745476278
75244544 398933831 798854241
77661311 248779674 177775015
78985592 346998775 123599178
79563579 997369958 250198521
81607481 81713577 985431361
96732544 880163712 216951865
98362096 884002559 740634965
102395263 437514518 237674455
103420289 785281666 120166063
103457949 467681247 840859014
106381197 284296598 898268630
109964469 753275906 441507431
113339464 270071964 728446764
123490170 363686457 376126501
129427537 311109324 764393720
136364317 665601308 990796047
138842346 537710276 523372773
141738633 209323461 299513490
142121838 119403230 649297284
142212279 948488789 44598209
149322084 510222716 459683499
149871525 650998876 765222797
151064104 386687494 609358745
153470155 36619092 455612432
154821348 960413650 848031807
157468729 375498036 466739446
158721744 532333944 214495401
159427683 341271878 455081314
165144915 278796382 940486216
170487140 964756991 487862926
171519309 777392053 328574699
175430623 165506393 896407573
175721794 928779357 158448330
175799548 181806485 557162879
176975645 787513587 681341871
177030733 318354755 335439567
179349203 416033135 563080682
184796665 15692440 98843280
189201848 625940802 313031702
189912907 519310252 612548471
194433081 716442020 674493182
200055831 302291520 70681088
205999649 317726385 767029482
208677754 719221872 565584531
208884047 571253931 292689148
209043854 906539941 88904848
212207092 300789728 125242150
213535125 27193939 643037141
216733128 823634815 547935948
217687643 907438997 440591309
218070805 904337405 303846735
220896345 87402140 13716953
221217394 568387983 349207838
229295017 336496378 549988796
231028783 22753674 530395093
235414265 797416627 457976152
235917372 395394241 785120528
240780649 728478239 226646372
243497679 60683190 16063156
244196570 855242290 590821799
244702833 798053254 513481993
244873714 831161094 129092484
250420656 597823024 132596535
252570656 757762906 265059209
258248242 499569378 916146400
258323373 541942029 992862421
259431348 444053330 278933167
259974532 58398302 14572287
262043021 674477013 433795389
263789562 984674534 83267703
268583589 674927294 50920542
273301676 451465133 585273339
274711919 805966900 160140846
277892548 416197450 921876413
278706413 267258098 1921772
279388987 387907306 634200060
279776338 71103301 386584974
280868152 213879405 228396635
281122749 192437336 870469402
281305745 894172679 603150456
282715887 399922440 618237394
285319607 247134115 806310267
285514990 27579488 901842357
291160818 595294906 614377768
291554822 405995089 188396913
291962690 838958943 520243620
292084832 78226685 727289957
294257258 27696616 347667960
298839760 681432012 800858460
302405346 540644160 684387552
303218636 336143291 369368137
304001717 431878669 373276905
308521967 729368350 122726201
316764587 78150202 82363504
319662209 637221773 796934144
320451641 879098592 762227203
322492116 286396417 559924714
323081798 432703189 232386328
326440756 423487824 504370173
328860974 400186485 40757969
329004150 757519874 898840061
332564589 723075829 659671572
334438772 649260309 529253922
334590098 476179129 561652161
337534790 198955953 316727483
339408833 399522280 803622451
339916709 641530253 108374123
342475318 603917085 289746212
342960226 472971429 460648929
345073865 387873996 296659286
351372035 934654037 535904536
352810309 809211338 224127277
352812029 9860179 210560954
354251176 814202528 111011291
359049057 939715384 763295186
359326975 810718643 860685244
360136382 755676320 348481012
360982510 848627307 752354718
361901202 479799799 980224498
364023601 583549209 411472028
369395175 783553884 90003923
372851935 880540975 778446150
376314720 154927926 261585158
384126321 288282044 227838877
385738198 560756994 500630617
393039391 981823250 116134820
394384614 820091274 524292416
398649496 431683232 182895784
400234947 979838090 568074663
401242450 569314846 477484238
401276449 767454870 286216813
403226067 178504383 854722259
408789493 328535210 266292332
411921264 37628204 480904907
418833480 771927988 524399104
419208124 98521012 870034419
419723019 832993329 537655234
423296567 2338860 879866109
424166905 461735563 310614154
427060617 827453161 251124341
431407766 637302939 625253750
431970218 815648890 984915288
433030194 6921391 827630914
434446407 447489021 440699566
437955163 288141896 740429417
438693889 653515627 885306976
443512944 921367253 157956513
443818695 161108823 868089961
443977134 769314897 689762909
445009178 906828103 911040443
449348385 917663203 3670362
456217875 666864651 52651448
458427812 964506547 421654944
459678273 378350367 904937000
460303775 573370149 495024882
460934636 919433437 491823506
461498147 897642582 854222595
461683321 763031521 467775010
462295979 99558426 944993621
462578129 449121550 797480796
465506361 405197152 771158936
465872588 389898726 773225940
469787218 815719775 832420764
471412766 216375227 657593792
471779405 78543677 633763930
473256803 187678012 520278537
473352242 820222906 329440540
474163913 484777335 300347291
475734258 397258424 808816684
475847410 377820629 397435750
479474943 65914756 746561211
479655878 935580720 460231351
483968292 333019985 271548452
486223639 519098014 339466964
489240254 143601606 735235030
491897277 131506067 326110571
492510463 861231446 718733326
498127564 93408051 166800744
499081677 513480672 808651753
510215413 428742339 690338781
513374363 197728930 769058597
513515646 668593576 869509507
515589272 173335716 848586616
516842240 925329242 774323392
523833374 879000023 832323415
525562170 484584486 732411891
525830777 597847367 215323783
529824687 509828023 157311976
534026165 540002682 611932533
536285463 962840115 146803923
541537442 481035283 362570755
543691311 128497983 951163305
544669529 799403241 791532248
548005398 590899489 15319210
548918445 836300248 431344672
549638648 128125471 729890907
550285350 274201018 453449441
553504857 74579452 864131674
554417971 590108490 716933504
555213241 287626808 770853255
555267552 122634217 955624996
555827936 954598961 155058271
556028977 87695720 135699151
556811661 577662761 687735929
558398718 484203138 94549673
561816733 988765028 132592909
564102979 711334110 496334234
564135087 82524022 516798390
566346174 15852149 703121071
567235410 204288442 506655360
568541008 694380791 399292417
572721596 666781026 907071392
573983148 571158933 555388488
577633258 14851322 291984120
579169492 415461398 333278345
579491766 994555296 362957408
579991906 721495603 187915454
586734332 115277927 738844829
588145502 447286987 974490617
589427639 64882242 920211491
589568671 412283644 518889715
590345016 206405127 287928191
590980779 627086204 532958845
593390298 655352803 14503245
596248563 945729611 826733777
602005378 112451280 287556290
605026013 514402775 537735716
607806845 794056627 855211398
608908610 574741690 151982944
611755211 131146954 601462861
611779561 475753881 183402472
612919536 378436866 740900932
614468071 575898560 547702075
614689078 894538991 505349742
614899468 289215311 114922064
616204658 723389363 412165286
616458004 746171991 842996763
619301999 357142795 154683456
620199569 762280010 470828642
626005351 826480023 430601350
629650391 559248802 780826234
630787080 5435283 97573688
630806827 922890104 488627152
632154199 948446775 348997133
632160903 709525152 529266385
637461533 475688526 580869226
637832111 529886764 272566
640878797 904212231 206241327
643186160 653123095 31790822
644565682 627409415 295481418
648902392 238571425 867128820
651564813 81606992 293003846
655372113 960068208 49574335
655451586 861793892 672247534
658920017 605923291 828620109
659196350 907945713 177561324
662385969 101918081 765968828
662852741 51621315 318941515
662970695 426227679 729418515
663742880 827227738 896860218
668982946 178002151 584658617
670273559 849043216 189939755
670539025 185707727 372940804
678017135 427219811 301048392
680909877 684069894 923605495
682244088 770656033 977897009
684835447 587416848 260258521
688253025 313719682 509291778
688644451 41828421 509618639
689950354 706250017 188355757
690885100 169715016 298805684
691749505 555683884 251875769
694770975 988963661 375478337
696286238 711061270 15049745
698148492 47720085 954781460
699896089 444352800 936598423
701946123 532190295 575071784
703040427 165536151 390212673
704134978 902801668 729795003
715627200 452091527 521645138
715996318 798084545 565274876
720962525 512614141 869204590
721558860 223093166 851620388
722482793 727848515 172020396
723070886 210918995 660490500
724430865 305494252 90839279
725068869 863394515 74389872
731683653 693262241 730962810
738194517 311645075 404903716
739901857 251081099 744583095
743131843 298815771 489914603
743203565 821314440 957136688
753464667 907937525 771200038
754301692 775361428 920175996
755456618 259013504 841859313
758850469 126431281 444960284
760251141 294197615 5543463
764454508 636358360 47075261
765330226 735079697 642811105
765979898 94542994 31938512
766503692 606481797 129974920
768095897 199115267 897063173
769832512 364255778 910950760
772671426 161563008 257740302
777468378 21755248 580351901
777810118 507242754 357696934
779596354 540752540 160562327
784390626 673688358 250118939
785017262 130849046 835856623
785157646 548259522 931764082
787120259 698944526 707020587
787251929 323816987 322857520
789743063 784911809 954133972
792531169 9616244 796846702
792643179 922629812 772508432
794780628 736326827 658170102
795146462 954173693 926340137
799331023 892256139 551834274
799440776 332268909 212344406
800471493 743825752 555362447
802446022 384141595 220175818
805761880 867952249 895146564
809149717 10954071 655624644
809552453 465920010 743645936
810335318 130158580 13158489
813885584 434549611 854233671
815610561 945794754 272262372
817071488 993598411 455453554
818153258 640110597 734812699
818490691 201114346 57419119
819180950 169469985 656688804
825375651 509034992 292833967
826817223 379404895 962590891
827591212 521222171 159242921
828126135 375526833 993767445
831789215 797283648 634101588
837382392 920887404 859332298
839329145 467521696 139800800
840804835 44690827 197180880
841992729 926877684 16638586
843642359 686518583 399427755
846556483 719672224 920983287
846732789 34281855 969973450
848911745 999618780 519504111
850338358 68383188 413638401
856756466 281343105 358628393
857914792 644946923 778852398
863225318 872310549 751103043
864052910 930431102 809133593
864493194 125384278 747799473
871732717 856583226 561582661
871792200 861065882 442773094
876320043 886438191 48100312
877946522 911316087 100408386
879434999 235324388 347079320
879866589 436579654 182158753
880184692 182352478 91054253
886040908 751634132 427901775
887636999 747104533 715078571
895696432 616697049 736093084
896632176 198571268 54878170
896785488 242526370 320480005
901458651 663723807 15379147
902025847 3070600 494246319
905803613 50928152 10671264
907633796 81769006 521394090
909056849 363572921 726356041
911576101 151598153 496242685
912668483 417744371 244350214
914823171 576366345 646424491
915255848 607907568 585516208
918915935 647698095 151741987
922746041 817412262 287262149
925458970 273909746 523699178
937978452 947750394 688568021
942216956 795802555 557060894
944350226 609328391 495327711
946221640 761409881 163899653
948399648 951402739 117362547
954038629 830047984 491802416
955793984 381090112 951891559
956099192 48942016 912840099
957498481 215748290 617614025
958141960 112584028 443041005
959978179 564836929 199665882
962262530 721704725 883337718
965537602 570381641 251621732
968053519 123578453 958687533
968087519 977181977 997188087
969036815 762509087 995365960
969508020 6159251 525696697
970542787 117745944 838503397
971291057 918641380 253578648
974665733 189835143 602755352
976584756 653087891 366078715
979120235 513964013 832974439
979246095 524675626 482814162
986520685 800169518 665090326
987141689 295179008 480570967
990733470 393268090 6114374
993022014 411431438 950855410
993061032 681610406 124856977
993347141 598750502 737590789
995102196 396983468 117623741
997770137 339749726 681410647
999203182 989523403 594706062
