967549879 9
1 2 7 8 6 1 2 9 2
109
964339306
830280672
60109613
609555444
552399859
742547
561958552
127362441
408661171
262604618
279804509
492001667
479475905
813259103
101680380
218636307
941294060
608072461
40302206
199519211
828113919
112459543
298853281
125153861
149393232
384011985
753166276
4998090
670549058
456183425
38205669
713176213
416793381
431309408
596655826
92121255
382724419
67311654
678302608
298625335
496694433
181798115
693990675
654485066
162382222
215769017
864858711
362753872
629328614
325615234
611267176
549842483
261889706
247288742
390675360
61708619
846018095
596242510
511104499
424808413
804985798
642436885
36771271
127686095
854210354
448329303
839216988
789994903
744905197
285540687
156160295
278504351
208368286
814104299
493787241
536893896
615908772
707170736
925126252
690866016
385577564
264760094
953161515
338252407
685701380
461705523
38378410
684875803
826918779
105115032
539131766
280151105
844163477
191050543
803183364
665777463
852086475
165774574
322821728
473356396
859850950
593178312
589319262
244674313
508230137
243907531
724910930
286630879
22933712
