963308138 2
3 2
609
220129330
150050882
354975075
400619400
54817812
376225199
355697251
504651894
343947729
423227011
363226879
907477290
393504840
410989950
930352913
26595571
745958624
892312868
19078971
709245313
163600114
884303638
107624833
258445340
931057145
739231445
315965885
467457229
136458736
854114939
801750261
727469064
260415945
547630023
666944349
271091034
105022859
696892364
949574706
738293384
825874464
45758507
764365077
589739024
57695955
690629427
425440931
612487479
179782841
293859027
882512601
237108266
752186888
164907965
948197350
815907680
851174863
831878918
590920633
571580284
660104139
387735133
39867611
81443417
15302443
367331238
933992256
884196027
220653006
930005062
456182047
700631947
69923644
593398992
47857868
269724068
347948529
327541400
846285306
599134411
174430144
87597045
429978338
551027896
714973969
237651016
430441160
249447941
824842737
564698695
566629376
535296322
255038523
291312707
540574549
277088974
210855136
571574603
29075025
755043462
90385527
450818718
745270648
555254852
838799428
694163989
181383033
505954416
401646686
706736058
444293131
769831
736995162
15870902
317711590
861928703
325657222
658957641
382133065
811467473
870055238
406307526
620182639
645247634
80828364
503767291
84016106
778802375
398666326
104861253
823120878
126155639
739468195
873192130
760190265
113142870
823785535
308327875
765190800
588685704
562634787
583420456
951461970
794174351
926993656
832608246
298489426
856086695
851779708
839119054
708637982
611717205
623025671
780450348
832020831
490860667
861372638
39397110
798360573
158269653
930173503
812057226
89970288
14643420
554183607
515848578
236073712
294522774
182466303
753595481
42114629
32419244
461865339
937719594
463054729
477255641
570366417
539440691
505353750
579872082
749465159
693147906
581777369
370286941
582333632
108563344
716414775
341856784
560912126
180541231
66712446
597143455
871082611
341480648
307577148
689593185
665855093
820197798
663032642
335556118
167609246
952713031
699507431
821487607
361938033
336715356
461961825
392494542
911967946
216108546
23978335
523071317
852879219
543582030
127076738
154811077
27047871
425453536
159960546
576782036
131796245
214952251
723329692
325796104
691729369
286345665
131088417
827953624
278743628
567279276
64508220
937366496
225335965
142062144
86205185
207485893
153629288
736014743
53149949
226883325
109365562
48242991
144067846
923806736
339883448
78999423
320780698
273872650
816343476
805882593
434245156
69920438
573354428
764090245
611854830
425856870
162549108
114549405
673602348
438917553
705771587
317964771
529791691
491596782
705495277
550280204
495048898
264572480
950008994
282766174
753742700
525795171
400987699
141398140
828533690
426290181
364903681
756345394
234213176
305893503
331591994
111656346
544350299
238135591
761337509
783834223
660648035
80446285
850939219
594117719
897268097
619180445
519110147
338949071
946168685
47746980
550088737
291575774
68531962
652346864
910600682
565415296
577614888
284496622
108849551
327693875
307869534
211147340
9560596
492549945
957027587
877733758
847198754
825757928
325212975
727884178
692377679
343419017
210937643
843483296
721047376
804203660
905135688
652431423
17451303
397220794
690204871
627752200
475531296
168879635
40548889
345178932
421714826
509152067
165495667
552726974
164005847
150795785
515213741
765462283
189983026
891717192
214618534
62179615
617550739
312876361
490767478
40850162
771074448
497196205
716367070
329967912
682757840
570687639
518217628
861214517
402023959
266038151
379910291
724837869
406161976
706374085
385959887
271191805
772524083
415042508
32670221
815496286
207901426
134977182
120527505
45488050
160522832
244535027
751120970
479740674
370993049
898711566
200722296
238181740
419676682
530369677
123230513
716416337
35534096
856930821
854824240
591625265
880463683
521618275
632071174
48866756
674005919
212582414
634579058
434622376
894366178
645616452
1198493
828854460
211204852
443547853
308315913
762419302
479679935
848115927
132924610
340655539
923122207
768393491
697563350
827851392
945964466
97839819
596933552
538440970
796290276
128554217
827365392
294248818
161436820
829602693
599452257
828989697
459967926
808620212
434482461
112844571
93367590
940008699
745599761
79270363
835630693
527171138
849989639
770473648
884055399
792584187
410536380
858848972
504216429
333858959
231884815
535190277
552574262
753536728
691486455
148645432
342974260
208296034
114682439
516515397
490555058
320238987
523770476
926165944
828290592
629510488
77763455
374376403
719868847
911427527
158902786
864231650
731341486
367201663
909789703
907404191
445019315
490024906
136900888
250942573
902631302
818754680
64164574
376100848
680369262
144341030
219444643
687800993
407658394
739430501
533196402
45585165
21626506
552419057
517225920
587195240
509903754
365180399
468025824
73655291
331418786
245787663
384382327
715117680
467230152
845709554
634502743
553616179
775661989
393147144
341054632
398586902
353211415
293543178
21143742
587297325
43889043
917122634
276833938
42093151
794832010
806700064
674646836
841560068
826554665
423831674
825620959
798643043
919732314
417993811
773436925
338644430
252847381
863064749
629982761
31225327
631529493
256729224
36793955
323583450
652438565
141278653
457218108
794941752
711956903
881558360
153611039
400564250
368780719
211368287
568342520
106042623
668474639
803809583
289481541
486033028
280429281
766348615
49804419
883378672
157393093
30007111
387228610
441980545
193172994
327777959
538768913
452029568
213558890
628813420
705274806
634764957
114348478
61202048
698913587
774315676
888320810
833675755
734974713
787871658
448108050
157563927
411314372
487350180
422111979
426446931
633198242
414206296
946575652
73328793
848583227
57476997
5292610
195015563
175303022
120499944
748212654
207591494
244202586
372167302
909477951
543884255
645990634
675878843
808807471
786131721
242460402
955749986
806789207
897705221
711736728
581986701
907703242
29421313
835412851
354305693
330210012
