51
10046683 397078420 504800594
21461600 5041736 323813494
21590319 157240647 768879176
42077569 727799968 708855940
59823197 611623105 309227986
68877855 289918849 311468463
89241354 755632152 411739431
100867851 789408569 663589012
127482913 309749211 804414987
129060079 465239517 460386885
141516877 267096651 943230859
177103472 811863379 145464174
196700229 618644229 110448692
232810993 425307288 320278211
284251850 635700179 99185706
284959797 962113895 611995164
298198038 614450801 380154712
303661661 686036287 634444799
310747425 239532078 592508193
317978118 957299281 616677048
341431833 730204112 36104670
342060811 480097220 701369036
385950560 482322393 700190560
427156780 908824386 344668167
444811497 751060156 463232017
474283491 124770851 237578997
484428518 319370496 962659580
516355503 823585430 151680961
546501261 873808756 394666555
561833319 442188511 104432052
593587549 425744796 468006394
606866924 725247187 957695414
608383673 946077359 279538944
618417841 268216709 865644208
629763467 624136999 576623538
649447930 336315624 755794614
694897941 946756134 480957067
716626435 743600135 107617801
739444319 631859573 106911491
743536277 778735856 987286939
769150473 708313567 378291766
793778227 538292958 766910755
890067579 572525854 503852462
903431470 247532949 903167338
904457921 691479209 160468896
928896806 423987675 971358120
945403792 455110889 932143260
984323780 664440634 40329083
985947832 651109759 174475457
989085455 509885119 545799559
997824195 20608543 660952053
